ASC_PT = -0.2930744617108303
ASC_UAM = -1.0533385937447823
ASC_WALK = -0.6362959285799468
B_COST = 0.022895078743647365
B_TIME = -9.219398578629794e-05
SCALE = 2.5682571595138604
