ASC_PT = -0.7526221442387553
ASC_UAM = -2.70530101660932
ASC_WALK = -1.6339652613278821
B_COST = 0.05883067151425752
B_TIME = -0.00023677717043496863
