ASC_PT = -2.409192710867258
ASC_WALK = -4.683236509621304
B_COST = -0.556963505100121
B_TIME = -0.00020612590219792535
